10024
10208
10261
10294
10638
10674
10765
10808
10940
11229
11241
11371
11503
11574
11602
11658
11726
11761
11797
11869
11886
12000
12013
12075
12112
12224
12240
12243
12334
12345
12496
12501
12543
12660
12690
12707
12778
13030
13033
13122
13300
13582
13646
13657
13762
13822
13848
13959
14034
14133
14142
14334
14337
14449
14593
14606
14738
15025
15287
15292
15300
15381
15384
15408
15437
15513
15523
15731
15835
15869
15882
15914
15964
15990
16062
16078
16084
16161
16217
16281
16298
16339
16355
16526
16614
16803
16858
16974
16998
17213
17232
17334
17377
17412
17413
17446
17471
17622
17822
17846
17923
18196
18240
18253
18353
18494
18554
18726
18833
18892
18982
19069
19164
19219
19258
19339
19359
19454
19475
19958
19996
20105
20131
20290
20294
20532
20569
20645
20691
20783
20834
20919
21065
21082
21084
21085
21120
21420
21549
21577
21591
21600
21610
21669
21756
21776
21791
21843
21896
22031
22252
22327
22416
22495
22510
22646
22725
22838
22852
22897
23041
23188
23338
23349
23367
23376
23470
23515
23522
23633
23660
23801
23889
23999
24031
24047
24075
24286
24453
24611
24626
24627
24675
24801
24906
25043
25160
25168
25169
25384
25445
25503
25618
25652
26047
26050
26106
26127
26134
26258
26270
26299
26318
26423
26436
26515
26536
26598
26639
26668
26745
26799
26861
26924
26946
27064
27081
27104
27124
27139
27172
27200
27319
27323
27361
27447
27922
27946
27972
28244
28404
28726
28781
28822
28929
28954
28990
29173
29246
29287
29330
29342
29357
29455
29559
29674
29903
30252
30416
30437
30530
30543
30590
30619
30674
30813
30983
30993
30994
31028
31047
31090
31113
31320
31646
31997
32056
32107
32170
32231
32270
32589
32610
32858
33072
33073
33112
33121
33131
33296
33313
33415
33422
33661
33696
33712
33787
33795
33926
34128
34149
34155
34189
34233
34344
34500
34508
34646
34807
34812
35017
35267
35314
35469
35585
35732
35850
35923
36092
36095
36181
36327
36414
36582
36620
36722
36861
36886
37148
37195
37332
37390
37692
38079
38107
38296
38323
38356
38528
38746
38801
38824
39092
39271
39289
39316
39330
39402
39404
39617
39809
39818
39834
39857
39882
39901
40070
40161
40445
40517
40599
40636
40646
40772
40774
40915
40973
41069
41091
41123
41124
41131
41226
41305
41361
41550
41560
41699
41819
42081
42097
42385
42411
42471
42517
42541
42607
42687
42691
42737
42764
43005
43012
43061
43173
43260
43411
43568
43795
43923
43936
43948
43966
44052
44171
44176
44178
44316
44429
44439
44473
44506
44563
44593
44666
44798
44833
44890
44895
44988
45000
45021
45030
45093
45446
45594
45728
45898
45932
46069
46201
46255
46340
46419
46482
46755
47116
47451
47469
47476
47642
47687
47693
47696
47701
47733
47755
47757
47801
48086
48109
48161
48254
48305
48315
48577
48613
48685
48763
48823
48913
48967
49070
49181
49484
49642
49756
49870
50128
50178
50267
50437
50493
50502
50521
50742
50754
50841
50844
50881
50890
50909
51006
51040
51079
51172
51373
51466
51581
51691
51812
51856
51874
51886
51986
52103
52167
52217
52280
52285
52521
52584
52629
52684
53113
53138
53203
53211
53299
53573
53741
53750
53772
53879
54140
54184
54241
54329
54343
54344
54359
54433
54442
54472
54544
54758
54773
54801
54865
54986
55059
55260
55371
55600
55716
55729
55762
55819
55896
55903
56014
56112
56504
56628
56772
56833
56934
56944
57033
57045
57108
57125
57217
57258
57286
57327
57442
57709
57784
57985
58011
58180
58231
58275
58289
58301
58351
58452
58555
58590
58602
58608
58858
58969
58970
58992
59059
59137
59205
59326
59372
59493
59666
59752
59862
59908
60163
60212
60255
60260
60281
60548
60995
61068
61099
61144
61168
61179
61291
61440
61492
61584
61770
61807
61856
61959
62278
62367
62405
62625
62858
63111
63235
63342
63392
63460
63598
63662
63876
63886
63930
63942
64143
64155
64232
64314
64330
64852
64856
64936
64975
65067
65124
65132
65216
65250
65299
65463
65629
65636
65787
65805
65862
65889
66014
66037
66135
66179
66204
66240
66448
66596
66607
66614
66670
66700
66813
66905
66927
67020
67027
67043
67111
67230
67308
67435
67480
67524
67549
67563
67594
67609
67639
67714
67751
67764
67814
67840
67863
67978
68205
68243
68326
68473
68510
68591
68636
68638
68742
68902
69011
69018
69209
69244
69276
69385
69403
69453
69526
69603
69665
69897
70058
70069
70071
70231
70234
70410
70761
70778
70834
70935
70936
70969
71011
71049
71051
71141
71164
71264
71333
71445
71661
71693
71714
71725
71775
71800
71874
71891
71944
72159
72203
72832
72921
72972
73015
73097
73098
73119
73289
73290
73474
73640
73679
73712
73736
73930
73931
73972
74037
74127
74369
74466
74520
74904
74943
74969
75091
75143
75196
75292
75418
75558
75618
75687
75871
75966
75978
76108
76175
76199
76205
76564
76758
76819
76822
77060
77105
77203
77207
77330
77389
77419
77429
77535
77630
77633
77677
77746
77777
77780
78092
78276
78363
78393
78558
78720
78876
78926
78963
79027
79035
79217
79485
79564
79586
79828
79979
79993
79995
80355
80585
80983
81149
81159
81549
81623
81698
81796
82010
82097
82136
82182
82191
82234
82293
82307
82309
82361
82424
82469
82490
82704
82752
82823
82842
82852
83036
83246
83358
83439
83450
83515
83562
83654
83826
83865
84132
84203
84219
84291
84296
84316
84331
84859
84901
84927
84954
85009
85109
85129
85183
85462
85885
85951
86076
86188
86385
86509
86566
86638
87109
87297
87395
87461
87526
87833
87885
87921
87979
88215
88314
88359
88435
88719
88774
88833
89036
89048
89049
89174
89369
89425
89461
89571
89728
89851
89877
89880
89898
89978
90127
90140
90147
90321
90501
90532
90640
90652
90666
90761
91002
91042
91105
91226
91298
91328
91349
91425
91506
91541
91586
91623
91668
91690
91733
91808
91899
91974
92220
92254
92462
92550
92599
92748
93071
93101
93194
93217
93255
93272
93367
93446
93502
93524
93787
93945
94447
94520
94699
94727
94758
94776
94851
94892
94894
95222
95333
95352
95391
95467
95561
95580
95758
95923
96050
96074
96200
96205
96432
96455
96575
96701
96958
97080
97155
97303
97402
97450
97487
97673
97743
97780
97880
97924
97972
98175
98238
98335
98415
98431
98518
98570
98828
98898
99049
99124
99172
99284
99292
99386
99465
99607
99613
99794
99900
99904
99933
99974
