10028
10043
10112
10162
10314
10346
10496
10716
10777
10788
10809
11046
11097
11254
11318
11396
11422
11698
11795
11833
11999
12015
12045
12083
12150
12189
12242
12382
12405
12429
13205
13453
13617
13798
14155
14167
14287
14334
14334
14334
14334
14334
14334
14334
14334
14334
14334
14334
14334
14334
14334
14334
14369
14581
14947
14988
15449
16026
16084
16084
16084
16084
16084
16084
16084
16084
16084
16159
16186
16278
16294
16434
16436
16754
17021
17033
17154
17193
17286
17335
17557
17788
17879
17965
18100
18310
18324
18536
18624
18706
18810
18892
18892
18892
19277
19293
19604
19625
19841
19960
20077
20227
20555
20641
20645
20645
20645
20645
20645
20645
20645
20645
20645
20645
20657
20749
21120
21120
21120
21120
21120
21120
21120
21120
21120
21120
21120
21414
21435
21468
21545
21574
21893
21927
22031
22031
22031
22031
22031
22031
22031
22031
22031
22031
22031
22031
22031
22031
22031
22031
22031
22098
22203
22448
22471
22656
22719
22765
22769
22906
22983
23134
23212
23407
23461
23491
23612
23868
23934
24130
24286
24286
24286
24286
24286
24286
24392
24399
24405
24551
24625
24854
24922
25139
25212
25275
25507
25665
25900
25937
25968
26292
26325
26532
26716
26843
26910
26933
26946
26946
26946
26946
26946
26946
26946
26946
26946
26946
26946
26946
26946
26946
26946
27125
27139
27139
27139
27139
27139
27139
27139
27139
27139
27139
27139
27139
27139
27139
27139
27139
27360
27424
27493
27906
27968
28226
28247
28393
28783
28789
28950
29135
29179
29276
29706
29944
30113
30200
30406
30712
31012
31057
31104
31162
31238
31332
31605
31889
31919
31936
31953
31984
32019
32334
32543
32556
32570
32775
32831
32858
32858
32858
32858
32858
32858
32858
32858
32858
32865
32875
33043
33107
33139
33385
33409
33487
33504
33571
33623
33785
33964
34014
34016
34050
34140
34238
34528
34632
34719
34794
34811
34864
34934
35249
35263
35314
35314
35314
35314
35314
35314
35314
35314
35314
35314
35314
35314
35314
35714
35799
35877
36065
36120
36160
36406
36441
36506
37276
37390
37390
37390
37390
37390
37390
37390
37390
37390
37390
37390
37390
37467
37596
37706
38278
38581
38672
38719
38807
38990
39391
39402
39402
39646
39702
39743
40041
40460
40707
40716
40772
40772
40772
40772
40772
40772
40772
40772
40772
40772
40772
40772
40772
40772
40772
40772
40772
40772
40772
40955
40958
40982
40991
41267
41411
41764
41785
41841
42097
42097
42097
42097
42097
42097
42097
42097
42097
42097
42097
42097
42097
42097
42168
42331
42383
42438
42754
42785
43474
43535
43783
43817
43966
43966
43966
43966
43966
43966
43966
43966
43966
43966
43966
43966
43966
43966
43966
43966
43966
43966
43995
44156
44506
44506
44506
44506
44506
44523
44890
44890
44890
44890
44890
44890
44890
44890
45042
45260
45362
45397
45402
45494
45525
45539
45754
45829
46134
46435
46853
46855
47050
47118
47194
47300
47366
47558
47966
48009
48242
48362
48377
48574
48617
48743
48795
48960
49015
49115
49202
49272
49327
49371
49638
49699
49712
49756
50445
50456
50556
50684
50742
50742
50742
50742
50742
50742
50742
50742
50742
50742
50742
50742
50742
50742
50742
50742
50742
50742
50742
50821
51090
51194
51270
51312
51322
51450
51458
51466
51466
51466
51466
51466
51466
51466
51466
51466
51466
51466
51466
51466
51466
51466
51466
51466
51466
51466
51466
51559
51902
51912
51960
52200
52218
52322
52386
52449
52450
52656
52749
52819
52839
52960
53181
53741
53741
53741
53741
53741
53741
53741
53741
53741
53741
53741
53741
53741
53822
53857
54159
54184
54184
54184
54184
54184
54184
54184
54184
54184
54184
54184
54184
54184
54184
54184
54184
54414
54466
55127
55228
55302
55600
55600
55600
55600
55600
55600
55600
55709
55717
56000
56212
56224
56427
56431
56501
56504
56504
56504
56504
56504
56504
56504
56504
56504
56515
56526
56742
57054
57081
57527
57710
57846
57908
57910
58079
58080
58173
58211
58455
58755
58921
59045
59362
59486
59526
59580
59725
59737
60133
60260
60279
60387
60398
60574
60587
60769
60876
60883
60974
61094
61354
62221
62276
62346
62519
62621
62738
62973
63031
63304
63455
63472
63710
63733
64037
64119
64139
64304
64339
64414
64809
64852
64852
64852
64925
64995
65016
65122
65305
65345
65386
65533
65787
65834
66073
66145
66508
66988
67069
67342
67510
67657
67799
67867
68016
68302
68418
68431
68624
68750
69022
69128
69179
69681
69682
69816
69859
70146
70155
70388
70479
70569
70679
70725
71177
71891
71891
71891
72155
72792
72818
72842
72970
73178
73192
73230
73238
73263
73308
73488
73635
73772
73848
73947
74290
74305
74481
74592
74629
74783
75027
75044
75136
75251
75310
75361
75957
75970
76080
76330
76475
76500
76583
76741
76908
76932
77007
77192
77425
77622
77846
78010
78050
78312
78489
78724
78870
78889
78906
79180
79480
79500
79638
79655
79832
79877
79910
80096
80271
80368
80900
80966
80984
81025
81208
81476
81584
81634
81661
81686
81721
81831
81916
82035
82076
82139
82180
82183
82209
82280
82309
82309
82309
82309
82309
82309
82344
82349
82574
82655
82831
82991
83013
83696
83865
83865
83865
83865
83968
84239
84429
84579
84749
85136
85455
85599
85642
85651
85741
85801
85883
85951
85951
85951
85951
85951
85951
85951
85951
85951
85951
85951
85951
85951
85951
85951
85951
85951
85951
85951
86054
86087
86304
86323
86754
86911
86929
87187
87651
87988
88682
88909
89055
89073
89174
89174
89174
89174
89174
89174
89174
89174
89174
89174
89174
89174
89174
89582
89920
89949
90052
90140
90140
90140
90140
90140
90140
90488
90581
90761
90761
90761
90761
90823
90831
90836
90869
90900
91087
91407
91461
91497
91566
91711
91799
91868
91994
92007
92053
92089
92116
92181
92324
92797
93008
93023
93024
93128
93186
93606
93643
93726
93924
93942
94103
94108
94250
94284
94320
94339
94474
94509
94975
95044
95224
95307
95367
95509
95563
96024
96167
96347
96568
97067
97276
97304
97465
97487
97487
97487
97487
97487
97487
97487
97487
97714
97838
97853
97873
97988
98125
98161
98292
98329
98405
98477
98531
98641
98769
98927
98943
99000
99120
99145
99205
99208
99210
99280
99284
99284
99284
99284
99284
99284
99284
99284
99284
99284
99284
99284
99284
99284
99284
99284
99284
99284
99284
99284
99307
99374
99864
